config                hunkMB  lowPerm  hiPerm  zone    n    all    sv    cl    gm    rf    bk
s1_def                 100.3     30.2    70.1  19.8  120  10.55  0.06  0.33  0.00  0.01 10.15
s2_def                 101.6     30.9    70.8  19.8  120  19.36  0.20  0.72  0.01  0.12 18.31
s4_def                 113.3     37.0    76.4  19.8  120  30.43  0.22  1.10  0.01  0.21 28.89
s1_small                84.3     30.2    54.1  19.8  120  11.16  0.07  0.34  0.00  0.05 10.70
s2_small                85.6     30.9    54.8  19.8  120  18.38  0.15  0.61  0.03  0.14 17.44
s4_small                97.3     37.0    60.4  19.8  120  30.83  0.24  1.46  0.02  0.26 28.85
s1_bots_def            100.3     30.2    70.1  19.8  120  12.68  0.29  0.61  0.03  0.01 11.72
s1_bots_small           84.3     30.2    54.1  19.8  120  10.98  0.17  0.31  0.01  0.01 10.47
s4_bots_small           97.3     37.0    60.4  19.8  120  22.95  0.24  1.56  0.02  0.17 20.96
big_s1_small            87.1     32.6    54.5  19.8  120  18.71  0.09  0.42  0.00  0.17 18.02
big_s4_bots_small      100.2     39.4    60.8  19.8  120  29.26  0.38  1.61  0.09  0.98 26.18
